 FOUR_Output   FOUR_Input
-9.765625E-03 -.15
-.0390625     -.15
-9.765625E-02 -.15
-.1220703     -.15
-.15625       -.15
-.1904297     -.15
-.1904297     -.15
-.2246094     -.15
-.2246094     -.15
-.2197266     -.15
-.2294922      .15
-.1416016      .15
-5.371094E-02 -.15
-8.300781E-02 -.15
-.1171875     -.15
-.1757813     -.15
-.2148438     -.15
-.2197266     -.15
-.2246094     -.15
-.2294922     -.15
-.2490234      .15
-.1611328      .15
-.078125       .15
-1.464844E-02  .15
 2.441406E-02 -.15
 0            -.15
-5.371094E-02 -.15
-.1220703     -.15
-.1464844     -.15
-.1855469     -.15
-.2050781      .15
-.1269531      .15
-7.324219E-02 -.15
-9.277344E-02 -.15
-.1513672      .15
-8.300781E-02  .15
-4.882813E-03 -.15
-5.371094E-02 -.15
-.1074219     -.15
-.1464844     -.15
-.1855469      .15
-.1025391      .15
-3.417969E-02  .15
 2.441406E-02  .15
 6.347656E-02  .15
 9.765625E-02  .15
 .1025391      .15
 .1171875      .15
 .1367188     -.15
 .078125      -.15
-3.417969E-02  .15
-1.464844E-02  .15
 3.417969E-02 -.15
-2.441406E-02 -.15
-8.300781E-02 -.15
-.1513672     -.15
-.1953125     -.15
-.2099609     -.15
-.2636719      .15
-.1660156      .15
-9.277344E-02  .15
 1.464844E-02  .15
 1.464844E-02  .15
 4.394531E-02  .15
 4.882813E-02 -.15
-1.953125E-02 -.15
-8.789063E-02 -.15
-.1367188     -.15
-.1757813      .15
-.1123047      .15
-3.417969E-02 -.15
-5.859375E-02 -.15
-.1269531     -.15
-.1806641     -.15
-.2001953      .15
-.1318359      .15
-5.371094E-02 -.15
-6.835938E-02 -.15
-.1074219      .15
-9.765625E-02  .15
-4.394531E-02  .15
-9.765625E-03  .15
 5.859375E-02 -.15
-4.882813E-03 -.15
-9.765625E-02  .15
-6.835938E-02  .15
-9.765625E-03  .15
 4.394531E-02  .15
 5.371094E-02  .15
 6.835938E-02  .15
 .078125      -.15
-9.765625E-03 -.15
-8.300781E-02  .15
-.078125       .15
-3.417969E-02  .15
 9.765625E-03  .15
 2.441406E-02 -.15
-2.929688E-02 -.15
-9.765625E-02 -.15
-.1611328     -.15
-.2246094      .15
-.15625        .15
-6.835938E-02  .15
-3.417969E-02  .15
 0            -.15
-5.371094E-02 -.15
-.1171875      .15
-7.324219E-02  .15
-5.371094E-02 -.15
-9.277344E-02 -.15
-.1269531      .15
-.1171875      .15
-4.394531E-02 -.15
-6.347656E-02 -.15
-.1708984      .15
-.1220703      .15
-5.371094E-02  .15
 4.882813E-03  .15
 2.441406E-02  .15
 2.441406E-02  .15
 4.882813E-02  .15
 2.441406E-02  .15
 6.347656E-02  .15
 .078125       .15
 .078125       .15
 7.324219E-02  .15
 4.882813E-02 -.15
-1.464844E-02 -.15
