 QXD_Output    QXD_Input
 7.324219E-02 -.5
 .1318359     -.5
-.0390625      .5
-.1025391     -.5
-.1416016      .5
-.1660156     -.5
 5.859375E-02 -.5
 5.371094E-02  .5
-.3222656     -.5
-.1953125     -.5
 .1220703     -.5
 5.859375E-02 -.5
-.2294922     -.5
-.6298828     -.5
-.5175782     -.5
-.3222656      .5
-.6835938     -.5
-.6152344      .5
-.2685547      .5
-5.859375E-02  .5
-1.953125E-02  .5
 .1269531     -.5
 .2441406      .5
 .2636719      .5
 9.277344E-02 -.5
 .1660156     -.5
 .2783203     -.5
 .3564453     -.5
-.288086      -.5
-.444336      -.5
-.2832031      .5
-.4736328      .5
-.4248047      .5
 1.953125E-02 -.5
 4.882813E-03 -.5
-.1269531     -.5
-.2197266      .5
-.3027344      .5
-.46875       -.5
-.2832031      .5
-8.300781E-02 -.5
 .1171875     -.5
-.3076172     -.5
 .0390625     -.5
-.2636719     -.5
-.5615235      .5
-.3320313     -.5
-.4931641     -.5
-.1220703      .5
-.366211      -.5
-.3320313     -.5
-3.417969E-02  .5
-.3955078     -.5
-.366211       .5
-.3027344      .5
 4.882813E-03  .5
-.078125      -.5
-5.371094E-02 -.5
-4.882813E-02 -.5
 4.882813E-02 -.5
 2.441406E-02  .5
-.3320313      .5
-.4345703     -.5
 .078125       .5
-.2734375      .5
 8.300781E-02 -.5
 .1220703      .5
-.1123047      .5
-.1123047      .5
 6.835938E-02 -.5
 .1416016     -.5
-1.953125E-02  .5
 7.324219E-02 -.5
-1.464844E-02 -.5
 8.300781E-02 -.5
-.3808594      .5
-.1953125     -.5
-.1318359      .5
-.4882813      .5
-.078125      -.5
-.1171875      .5
 .1806641      .5
 .1416016     -.5
-4.882813E-03 -.5
 .2978516      .5
 .1416016     -.5
-1.953125E-02  .5
-.078125       .5
-.1708984     -.5
-.0390625     -.5
 .15625        .5
 .2294922      .5
-.1171875      .5
 .2148438     -.5
 .1416016      .5
 .1464844      .5
 5.859375E-02 -.5
 .3076172      .5
-.1025391     -.5
 .1318359      .5
 .078125       .5
 .2587891      .5
 .209961      -.5
 .1074219      .5
-1.953125E-02 -.5
-.1367188      .5
-.1513672     -.5
-.1953125     -.5
-8.300781E-02  .5
 .1367188      .5
-.3027344     -.5
-5.371094E-02  .5
-.2539063      .5
 .2539063      .5
 .1025391      .5
 5.371094E-02 -.5
 .288086      -.5
 .4345703      .5
 .1708984      .5
-.3173828      .5
-8.789062E-02  .5
 .1855469      .5
 9.765625E-02 -.5
 .1318359      .5
 8.789062E-02 -.5
-.1123047      .5
 9.765625E-02  .5
 .1367188     -.5
-4.394532E-02 -.5
 .1513672     -.5
-.1855469      .5
 4.882813E-02 -.5
-.2685547      .5
-.1318359     -.5
-.2783203     -.5
-1.464844E-02 -.5
-.3125        -.5
 4.394532E-02  .5
-.2734375      .5
-.2734375      .5
-.234375       .5
 4.882813E-03 -.5
 .390625       .5
 .2929688     -.5
-.1806641     -.5
-.1123047      .5
 6.835938E-02  .5
 8.300781E-02  .5
 1.953125E-02  .5
 7.324219E-02 -.5
 .444336      -.5
 .1074219     -.5
 .1757813      .5
 5.859375E-02 -.5
-.2587891     -.5
-.3369141     -.5
-.209961       .5
-.3125         .5
-.3125         .5
-8.789062E-02 -.5
 .1318359      .5
 .1708984     -.5
 .2050781     -.5
 3.417969E-02 -.5
-.1318359      .5
-.4052735     -.5
-9.277344E-02 -.5
-4.394532E-02  .5
-.2490235      .5
-.234375      -.5
 4.882813E-03 -.5
-.3710938      .5
-4.882813E-02 -.5
-.2392578     -.5
-4.882813E-02  .5
-.4394532      .5
-.1416016      .5
 4.882813E-02 -.5
-.1367188     -.5
 8.789062E-02  .5
 .1220703      .5
-.2050781     -.5
-.2490235      .5
-.2392578     -.5
-.2783203      .5
-.1318359     -.5
 4.882813E-03  .5
 .1953125      .5
 .2685547     -.5
 5.859375E-02  .5
-.1171875     -.5
 7.324219E-02 -.5
 .1220703      .5
-.2636719     -.5
-.2490235      .5
-.1269531     -.5
-.366211       .5
 .0390625      .5
-1.464844E-02  .5
-8.789062E-02  .5
 .4003906      .5
 5.859375E-02  .5
 .4101563     -.5
 .5078125      .5
 .1855469      .5
 9.765625E-03  .5
 .3808594     -.5
 .4345703      .5
 .2050781      .5
 .078125       .5
 .2441406      .5
 .2441406      .5
 .3222656     -.5
 .2148438     -.5
 .1708984     -.5
 .1464844     -.5
 4.394532E-02 -.5
-.1513672      .5
-.2978516      .5
-.3271485     -.5
-.4003906     -.5
-.1171875      .5
 1.953125E-02  .5
-.1806641     -.5
-7.324219E-02 -.5
 .15625       -.5
-.2050781     -.5
-6.347656E-02  .5
-.4541016     -.5
-.1708984     -.5
-.3564453     -.5
-.366211      -.5
-.2783203      .5
-.2587891     -.5
-.5712891      .5
-.1708984     -.5
-.2001953      .5
 3.417969E-02 -.5
-.1025391      .5
-.2246094     -.5
-.2636719     -.5
-.1708984     -.5
-5.371094E-02  .5
-.1611328      .5
-.2001953     -.5
 .1318359     -.5
 .0390625     -.5
-.2539063      .5
-.3076172      .5
-.3710938      .5
 8.300781E-02  .5
 .1123047      .5
 7.324219E-02  .5
 .5517578      .5
 .15625        .5
 .6103516     -.5
