 ROB2_Output  ROB2_Input
 .1883594     -.5
 .1688281     -.5
-.0118359      .5
-.2462109     -.5
-.2657422      .5
-.2462109     -.5
-.0753125     -.5
 .12           .5
-.0899609     -.5
 .1785938     -.5
-.0557813     -.5
-.2071484     -.5
-.4464063     -.5
-.7344922     -.5
-.5342969     -.5
-.6417188      .5
-.1680859     -.5
 .2616016      .5
 .4178516      .5
 .5985156      .5
 .6912891      .5
 .6033984     -.5
 .3055469      .5
-.114375       .5
-.5147656     -.5
-.2608594     -.5
-.3633984     -.5
-.2608594     -.5
-.2559766     -.5
-.270625      -.5
-.2022656      .5
-.3292188      .5
 6.628905E-02  .5
 .354375      -.5
 .6766406     -.5
 .5741016     -.5
 2.234375E-02  .5
-.3926953      .5
-.8321484     -.5
-.4024609      .5
-.3341016     -.5
 .1688281     -.5
 .3983203     -.5
 .1102344     -.5
 2.722656E-02 -.5
-.7930859      .5
-.7930859     -.5
-.8907419     -.5
-.5782422      .5
-.2901563     -.5
 .2567188     -.5
 .5545703      .5
 .2030078     -.5
 .3348438      .5
-.2510938      .5
-.2413281      .5
-.0801953     -.5
-3.136721E-02 -.5
 .3836719     -.5
-.1192578     -.5
-.0411328      .5
-.6563672      .5
-.4366406     -.5
-6.554691E-02  .5
-6.953098E-03  .5
 .6033984     -.5
 .5057422      .5
 .6180469      .5
 .2567188      .5
 7.605469E-02 -.5
 9.070312E-02 -.5
-.2364453      .5
-.3536328     -.5
-.3926953     -.5
-.1827344     -.5
-.2950391      .5
-.114375      -.5
 .0125781      .5
 .1834766      .5
 .2713672     -.5
 .4471484      .5
 .3006641      .5
 .1737109     -.5
 .1639453     -.5
-.2022656      .5
-.3585156     -.5
-.4171094      .5
-.2755078      .5
-.0899609     -.5
 .4471484     -.5
 .4080859      .5
 .2860156      .5
 .1004687      .5
 .0174609     -.5
 .1053516      .5
 .0125781      .5
 9.070312E-02 -.5
 .2420703      .5
 .12          -.5
 .2078906      .5
-.1387891      .5
-.1387891      .5
 .2811328     -.5
 .1737109      .5
 .3690234     -.5
 .1053516      .5
 .1541797     -.5
-.1485547     -.5
-.1778516      .5
-.4708203      .5
-.2315625     -.5
 .1492969      .5
 .2469531      .5
 .6180469      .5
 .6082813      .5
 .6326953     -.5
 .4617969     -.5
-.0801953      .5
-.5928906      .5
-.7833203      .5
-.3389844      .5
 .1834766      .5
 .8866016     -.5
 1.228398      .5
 .979375      -.5
 .5155078      .5
-.2559766      .5
-.7930859     -.5
-.7100781     -.5
-.7637891     -.5
-.3536328      .5
-.1632031     -.5
 .2567188      .5
 .4813281     -.5
 .4422656     -.5
 .4276172     -.5
-.4708203     -.5
-.5880078      .5
-1.217891      .5
-.739375       .5
-.0020703      .5
 .6571094     -.5
 1.52625       .5
 1.033086     -.5
 .8866016     -.5
-.2071484      .5
-1.066523      .5
-1.247188      .5
-1.125117      .5
 .1248828     -.5
 .8084766     -.5
 1.438359     -.5
 .8963672      .5
 .2274219     -.5
-.4122266     -.5
-1.227656     -.5
-1.379023      .5
-1.217891      .5
-.2657422      .5
 .7059375     -.5
 1.496953      .5
 1.658086     -.5
 .9989063     -.5
 .1737109     -.5
-1.256953      .5
-1.828242     -.5
-1.979609     -.5
-1.076289      .5
-.2364453      .5
 .8573047     -.5
 1.819219     -.5
 1.536016      .5
 .8084766     -.5
-.2901563     -.5
-1.149531      .5
-2.008906      .5
-1.413203      .5
-.4122266     -.5
 .8084766     -.5
 1.623906      .5
 1.316289      .5
 1.033086     -.5
 7.695295E-03  .5
-.5342969     -.5
-1.193477      .5
-1.291133     -.5
-.8419141      .5
-.1436719      .5
 .6131641     -.5
 1.286992      .5
 1.116094     -.5
 .8475391     -.5
 7.695295E-03  .5
-.9981639     -.5
-1.25207       .5
-1.4425       -.5
-.5977734      .5
 .1053516      .5
 .7791797      .5
 1.589727      .5
 1.24793       .5
 1.17957       .5
 .1883594     -.5
-.3048047      .5
-1.017695      .5
-1.149531      .5
-.3389844     -.5
 6.628905E-02  .5
 1.028203      .5
 .9403125      .5
 1.316289      .5
 .7157031      .5
 .3006641     -.5
-.1729688     -.5
-.929805      -.5
-.959102      -.5
-1.213008     -.5
-.6075391      .5
-.1680859      .5
 .5301563     -.5
 1.228398     -.5
 .8768359      .5
 .6033984      .5
-.2217969     -.5
-.3731641     -.5
-.8223828     -.5
-.8712109     -.5
-.583125       .5
-.4464063     -.5
 .4080859     -.5
 .4471484     -.5
 .4959766     -.5
 4.675781E-02  .5
-.6319531     -.5
-.6173047      .5
-.983516      -.5
-.3438672      .5
-6.953098E-03 -.5
 .3397266      .5
 .8377734     -.5
 .4178516     -.5
 .5155078     -.5
-.6075391      .5
-.7296094      .5
-1.00793      -.5
-.5001172     -.5
 .0858203     -.5
-9.972661E-02  .5
 .5350391      .5
 .1444141      .5
 .5155078      .5
 .4227344      .5
 .4325         .5
 .3836719      .5
 .1346484      .5
 .3787891     -.5
