 T0_Output    T0_Input
 0            -1
 0            -1
-1             1
-3            -1
-3.3           1
-3.35         -1
-2.215        -1
-1.4775        1
-2.16575      -1
-1.714375     -1
-1.555538     -1
-2.633244     -1
-4.36099      -1
-6.198214     -1
-7.744628     -1
-8.778192      1
-9.24605      -1
-7.224341      1
-4.864276      1
-1.739376      1
 2.29593       1
 6.161457     -1
 9.135034      1
 8.889532      1
 7.439774     -1
 6.436989     -1
 3.947641     -1
-8.443022E-02 -1
-4.389994     -1
-8.025891     -1
-10.46584      1
-11.58064      1
-9.544866      1
-4.710855     -1
 1.115125     -1
 4.470286     -1
 4.424841      1
 2.008062      1
 .4147041     -1
 .716413       1
 .2843267     -1
 .4250009     -1
-6.152731E-02 -1
-1.889792     -1
-4.291619     -1
-6.614574      1
-8.417726     -1
-7.496389     -1
-5.852175      1
-5.030791     -1
-2.949663     -1
-1.402942      1
-1.539648     -1
-.8274133      1
-.6633662      1
 .08414        1
 2.090566     -1
 4.576952     -1
 4.902031     -1
 2.64918      -1
-.9576521      1
-4.790904      1
-6.016        -1
-4.170367      1
-2.544351      1
-.39727       -1
 2.685141      1
 3.8058        1
 4.329102      1
 5.329593     -1
 6.464018     -1
 5.465312      1
 2.173155     -1
-6.598545E-02 -1
-2.120187     -1
-4.634091      1
-6.967005     -1
-6.706644      1
-5.683063      1
-3.329944     -1
 .4832287      1
 2.555804      1
 3.995445     -1
 5.704106     -1
 5.259347      1
 2.396146     -1
 .4126771      1
-1.558287      1
-2.126304     -1
-.5986553     -1
 .0904299      1
-.9452965      1
-.9812458      1
 .6898389     -1
 3.22163       1
 3.849558      1
 4.019197     -1
 4.834104      1
 3.937719     -1
 3.022705      1
 1.277654      1
 .3005883      1
 1.056524     -1
 2.874375      1
 3.071995     -1
 3.095931      1
 1.9935       -1
 1.323098     -1
 8.919752E-02  1
-2.292373      1
-3.000997     -1
-1.396835      1
-.4945543      1
 .7359529      1
 2.950117      1
 5.410009     -1
 7.549932     -1
 7.037892      1
 3.771886      1
 1.231305      1
 .7066369      1
 1.698042      1
 3.552418     -1
 5.639997      1
 5.473303     -1
 4.761957      1
 2.811623      1
 1.384065     -1
 1.607961     -1
 .9430962     -1
-1.210928      1
-3.97656      -1
-4.61719       1
-4.642194     -1
-3.231258     -1
-2.097351     -1
-2.384146     -1
-3.608074      1
-5.243208      1
-4.839161      1
-2.088495      1
 1.75467      -1
 5.593951      1
 6.662658     -1
 6.578221     -1
 4.70347       1
 .9504514      1
-1.366752      1
-1.215444      1
 .6335606     -1
 3.301152     -1
 4.008235     -1
 2.201547      1
-1.003445     -1
-2.54625      -1
-3.616964     -1
-5.14307       1
-6.682731      1
-5.923948      1
-2.70801      -1
 1.584748      1
 3.772729     -1
 5.04977      -1
 4.433744     -1
 1.615777      1
-2.179955     -1
-3.900976     -1
-4.825496      1
-6.007561      1
-5.133494     -1
-1.994948     -1
 .1010234      1
 4.799867E-02 -1
 .5012817     -1
 .2183234      1
-1.523412      1
-1.937944      1
-.3405281     -1
 2.345769     -1
 3.257023      1
 1.743496      1
 .8353286     -1
 1.532546      1
 1.214088     -1
 1.248351      1
 .522664      -1
 .4101506      1
-.2506389      1
-.1630637     -1
 1.430852      1
 1.760422     -1
 2.139037     -1
 1.47626       1
-.782936      -1
-1.707786      1
-2.513623     -1
-2.074985      1
-1.852941      1
-.8269223      1
 1.556675      1
 4.413859      1
 7.031116      1
 8.956972     -1
 10.01368      1
 8.250636      1
 5.86638       1
 4.524125     -1
 4.179722      1
 2.602695      1
 1.478238      1
 1.89547       1
 3.308438      1
 5.135829     -1
 6.887837     -1
 6.236675     -1
 3.033527     -1
-1.315383     -1
-5.596543      1
-8.974046      1
-9.043489     -1
-5.783403     -1
-2.844662      1
-1.718611      1
-8.665299E-02 -1
 2.573048     -1
 3.420229     -1
 1.82921      -1
-1.150345      1
-4.505965     -1
-5.453705     -1
-5.526383     -1
-5.97198      -1
-6.589503      1
-7.203868     -1
-5.69315       1
-3.997018     -1
-1.510322      1
 3.242946E-02 -1
 1.60587       1
 1.886104     -1
 2.205047     -1
 1.487298     -1
-.8125858      1
-3.759987      1
-4.571172     -1
-2.724766     -1
-1.387329     -1
-1.673657      1
-3.039356      1
-2.887473      1
-.7036615      1
 2.465739      1
 5.691172      1
 8.310741      1
 9.98229       1
 10.65592     -1
