 T1_Output    T1_Input
 .1065908     -1
-.4779248     -1
-.7337904      1
-3.308395     -1
-3.861913      1
-3.301771     -1
-3.395371     -1
-2.752391      1
-3.604489     -1
-1.962636     -1
-1.253025     -1
-3.07878      -1
-4.402909     -1
-5.570817     -1
-7.55504      -1
-8.572233      1
-8.943193     -1
-6.939669      1
-4.961151      1
-1.87059       1
 1.728934      1
 6.28996      -1
 9.697028      1
 8.840219      1
 7.09327      -1
 6.681979     -1
 4.44474      -1
 .5798803     -1
-4.734814     -1
-7.205506     -1
-9.256931      1
-11.23425      1
-9.357891      1
-4.088432     -1
 .2246785     -1
 3.669087     -1
 3.388042      1
 1.52332       1
 .5040864     -1
 1.440444      1
 1.510389     -1
 1.781555     -1
 .8506894     -1
-2.232889     -1
-4.35553      -1
-6.290286      1
-9.30601      -1
-8.391426     -1
-5.786371      1
-4.11008      -1
-2.084482     -1
-.1180156      1
-1.296526     -1
-.5699319      1
-.701871       1
-.2572584      1
 1.389731     -1
 4.300591     -1
 5.627117     -1
 3.24339      -1
-.2113817      1
-4.087918      1
-5.77735      -1
-4.092378      1
-2.524378      1
-1.525926     -1
 1.545792      1
 3.768255      1
 4.473706      1
 6.465232     -1
 7.037138     -1
 5.693692      1
 3.454793     -1
 .3394627     -1
-1.309203     -1
-4.353184      1
-7.668214     -1
-7.851258      1
-7.284769      1
-3.746844     -1
 3.259865E-02  1
 2.256446      1
 4.462216     -1
 6.243825     -1
 5.92524       1
 3.430934     -1
 1.092699      1
-1.564718      1
-3.060693     -1
-1.250623     -1
-.9294519      1
-1.000223      1
-.520823       1
 1.722376     -1
 3.404379      1
 3.952972      1
 3.76348      -1
 4.471599      1
 3.809595     -1
 2.875771      1
 1.40615       1
 .1066282      1
 .4079193     -1
 3.196318      1
 3.024354     -1
 3.864058      1
 2.701137     -1
 1.122768     -1
-.6150674      1
-2.976168      1
-3.644421     -1
-1.891735      1
-1.391798      1
 .4468824      1
 2.410448      1
 4.239432     -1
 7.407203     -1
 7.064397      1
 4.761059      1
 2.022641      1
 1.100709      1
 1.788358      1
 3.589741     -1
 6.344954      1
 5.685823     -1
 4.707539      1
 1.702385      1
 .397597      -1
 .7958083     -1
 .7286018     -1
-.9725783      1
-4.369655     -1
-4.863323      1
-4.613652     -1
-2.617785     -1
-1.733235     -1
-1.783846     -1
-3.809448      1
-5.050929      1
-4.148407      1
-2.30088       1
 1.172458     -1
 4.508265      1
 6.152125     -1
 6.127045     -1
 4.911849      1
 1.683255      1
-1.15152       1
-.2049837      1
 .8201955     -1
 3.581169     -1
 3.841446     -1
 2.798365      1
-.7138865     -1
-2.409922     -1
-3.084687     -1
-4.493667      1
-5.761708      1
-6.007411      1
-3.4221       -1
 1.313679      1
 3.887225     -1
 5.253113     -1
 5.069098     -1
 1.707889      1
-1.354176     -1
-3.089285     -1
-4.79153       1
-5.788337      1
-4.96852      -1
-2.236128     -1
-.1918832      1
-.6946863     -1
-1.081547     -1
-.2263049      1
-1.757744      1
-1.462454      1
-.2403528     -1
 3.142476     -1
 3.742214      1
 2.382885      1
 1.075624     -1
 2.332954      1
 1.07169      -1
 .8938228      1
 1.077331     -1
 1.172067      1
-5.313096E-02  1
-1.090863     -1
 1.833714      1
 1.938202     -1
 1.499565     -1
 .9988688      1
-1.325642     -1
-2.189696      1
-2.334857     -1
-2.527558      1
-2.307759      1
-1.899308      1
 .6622335      1
 4.009884      1
 7.139126      1
 10.22506     -1
 10.23696      1
 9.165178      1
 6.03308       1
 4.991066     -1
 3.994052      1
 2.778873      1
 1.304582      1
 1.234183      1
 2.115432      1
 4.330834     -1
 7.263661     -1
 6.3812       -1
 3.254742     -1
-1.125361     -1
-6.171551      1
-8.521154      1
-9.108666     -1
-5.144796     -1
-2.196182      1
-1.186395      1
-.2803479     -1
 3.292557     -1
 3.665343     -1
 1.154356     -1
-2.000044      1
-4.709171     -1
-6.212963     -1
-5.761556     -1
-5.69269      -1
-5.844932      1
-6.288966     -1
-4.660242      1
-3.389442     -1
-1.191855      1
-1.04717      -1
 1.282013      1
 .9879379     -1
 1.129488     -1
 1.158048     -1
-.2690638      1
-3.233816      1
-4.681418     -1
-3.602801     -1
-2.447345     -1
-2.481434      1
-3.875647      1
-2.094723      1
-.7999781      1
 2.222367      1
 5.403934      1
 8.413181      1
 10.39322      1
 11.39311     -1
