 XQ_Output    XQ_Input
 8.064208E-02 -5
 .147715      -5
-1.351408      5
-3.224761     -5
-1.858247      5
-2.366859     -5
-1.092148     -5
-1.559397      5
-3.329554     -5
-1.712254     -5
-1.959641     -5
-3.6708       -5
-5.074143     -5
-6.083259     -5
-6.802868     -5
-7.187347      5
-7.758687     -5
-4.994018      5
-4.550329      5
-2.732054      5
 .3491617      5
 2.300587     -5
 3.928925      5
 2.26165       5
 2.408939     -5
 4.036069     -5
 2.288638     -5
-.5625672     -5
-2.616993     -5
-4.194943     -5
-5.504609      5
-6.46641       5
-3.965304      5
-.8140891     -5
 1.530063     -5
 .5591398     -5
-2.034622      5
-3.699483      5
-2.078821     -5
 .7288349      5
-.2192718     -5
 .4439921     -5
-.5878162     -5
-2.58638      -5
-4.126436     -5
-5.338192      5
-6.220707     -5
-3.925986     -5
-3.576116      5
-4.850177     -5
-2.873491     -5
-2.803621      5
-4.308931     -5
-2.521567      5
-2.656263      5
-1.113497      5
 1.439071     -5
 3.316459     -5
 1.819704     -5
-1.125709     -5
-2.950075      5
-4.438709      5
-2.46044      -5
 .246965       5
-.4413407      5
 .2800545     -5
 2.48076       5
 .9209755      5
 1.43222       5
 3.498822     -5
 4.754967     -5
 2.968429      5
-.0107026     -5
 .7224689     -5
-.3770526     -5
-2.546741      5
-4.097549     -5
-2.438725      5
-2.70048       5
-1.36006      -5
 1.319644      5
 .3870718      5
 1.115668     -5
 3.230068     -5
 1.476685      5
-1.067425     -5
-2.696286E-02  5
-.706762       5
 .1703782     -5
 2.216248     -5
 .8875845      5
-1.635224      5
-.4531715      5
 1.983528     -5
 3.775497      5
 2.170182      5
 2.59477      -5
 4.306824      5
 2.478193     -5
 2.453878      5
 1.067129      5
 1.566692      5
 3.378196     -5
 4.906117      5
 3.036203     -5
 3.143214      5
 1.532678     -5
 1.823139     -5
 .5137829      5
-1.958908      5
-.7177253     -5
 1.578778      5
 .5298529      5
 1.073673      5
 2.829107      5
 4.487984     -5
 5.545236     -5
 3.267435      5
 .3001408      5
 1.044341      5
 2.944728      5
 4.561833      5
 5.772078     -5
 6.643736      5
 4.284854     -5
 3.985122      5
 2.203218      5
 2.408252     -5
 4.061786     -5
 2.430289     -5
-.5145879      5
-2.669864     -5
-1.255681      5
-1.920211     -5
-.6573901     -5
-1.279288     -5
-3.344446     -5
-4.633192      5
-5.783189      5
-3.640163      5
-.3150056      5
 1.994334     -5
 3.647364      5
 2.105382     -5
 2.435653     -5
 .995483       5
-1.368782      5
-.3215813      5
 2.112941      5
 3.690176     -5
 5.055421     -5
 2.902593     -5
-.1207956      5
-2.45897      -5
-1.100955     -5
-1.579433     -5
-3.473952      5
-4.942391      5
-2.758626      5
 .3301638     -5
 2.496449      5
 1.163004     -5
 1.556835     -5
 .5605633     -5
-1.678098      5
-3.283304     -5
-1.712853     -5
-1.958586      5
-3.690749      5
-1.930322     -5
 .752666      -5
-.1436585      5
-2.189173     -5
-.7779433     -5
-1.23942       5
-3.180903      5
-1.723449      5
 .8271325     -5
 2.872974     -5
 1.344603      5
-1.127775      5
-.1998834     -5
 2.068366      5
 .8251084     -5
 1.551644      5
 .3572148     -5
 .9510195      5
 4.716923E-02  5
 .8743365     -5
 2.993932      5
 1.574673     -5
 1.839449     -5
 .6314076      5
-1.800544     -5
-.7516737      5
-1.307943     -5
-.12995        5
-.9099572      5
 .1462803      5
 2.319078      5
 3.960436      5
 5.329179      5
 5.89826      -5
 6.726166      5
 4.131414      5
 3.869362      5
 5.175748     -5
 6.025291      5
 3.736574      5
 3.656642      5
 5.110391      5
 5.933549      5
 6.573345     -5
 7.07495      -5
 4.462246     -5
 1.154341     -5
-1.306112     -5
-3.150732      5
-4.547839      5
-2.648338     -5
 4.580845E-02 -5
-.7638421      5
-2.910336      5
-1.578981     -5
 1.090346     -5
-7.590577E-03 -5
-2.300541     -5
-3.765703      5
-5.033976     -5
-2.962226     -5
-2.881533     -5
-4.497451     -5
-5.674259      5
-6.562214     -5
-4.097051      5
-3.893672     -5
-2.215479      5
-2.230428     -5
-.9221398      5
-1.69729      -5
-.5502186     -5
-1.195446     -5
-3.261125      5
-4.503189      5
-2.705032     -5
-1.632355E-02 -5
-.9111873     -5
-2.770896      5
-4.219955      5
-2.202229      5
 .4879051      5
 2.673123      5
 4.264772      5
 5.402518      5
 6.110022      5
 6.987629     -5
